0 37 28 108 191 114 69 130 120 154 243 20 104 211 27 246 190 138 17 110 141 147 187 223 165 180 94 9 74 207 31 13 244 59 122 
1 179 173 191 54 37 89 41 57 193 252 84 184 186 222 201 41 108 93 228 75 2 152 169 11 226 120 42 239 109 101 105 32 18 41 
2 86 55 130 128 112 68 124 196 252 55 163 197 96 15 34 68 90 36 220 3 48 190 124 90 173 233 192 23 9 210 64 96 10 194 
3 224 122 6 92 63 2 147 226 200 243 241 234 55 75 15 19 78 63 209 202 153 127 179 89 150 189 44 214 29 54 152 253 176 159 
4 89 239 161 237 209 105 224 194 84 24 13 99 43 92 162 253 38 59 124 218 149 18 151 193 232 180 247 128 177 167 31 10 151 193 
5 247 104 42 216 43 126 240 56 225 27 148 131 24 187 191 148 149 84 166 44 21 142 224 12 15 145 179 46 155 74 239 147 179 26 
6 107 222 152 91 22 122 118 171 253 143 102 188 35 251 16 202 39 37 88 7 49 103 152 229 150 51 47 133 198 226 159 49 192 56 
7 140 215 178 3 130 175 146 232 108 181 227 124 127 10 162 216 17 211 63 169 184 213 220 232 91 163 202 250 212 139 50 97 98 228 
8 100 228 148 246 204 0 171 175 124 43 185 30 3 202 242 66 115 170 24 79 146 115 242 93 109 199 232 160 40 74 132 140 46 24 
9 130 250 24 45 169 149 88 98 179 91 44 165 158 159 80 182 238 226 41 225 63 150 168 39 54 208 113 187 92 159 211 222 153 236 
10 11 66 129 100 164 52 191 208 218 93 111 42 19 94 12 60 63 76 211 231 115 9 183 229 196 19 132 152 241 30 132 252 96 5 
11 96 5 57 32 213 19 125 69 61 145 163 74 205 226 150 160 201 9 170 128 238 110 147 115 6 132 145 138 128 241 143 225 246 201 
12 1 204 220 126 17 26 15 180 100 221 150 250 125 95 3 39 223 242 150 114 101 156 246 246 39 118 231 182 87 222 127 88 170 92 
13 215 187 118 230 111 218 195 5 212 65 100 215 104 67 201 254 181 46 155 171 36 194 33 12 120 121 234 248 209 148 84 168 79 202 
14 143 190 164 82 195 120 147 39 79 252 106 25 250 31 71 149 202 108 87 235 120 208 100 98 200 54 246 28 222 69 230 109 3 138 
15 192 198 2 83 237 81 79 87 106 74 118 178 223 64 30 55 43 150 7 144 248 207 198 238 235 164 51 209 18 54 91 210 252 93 
16 37 233 174 117 64 25 191 182 203 158 246 233 213 33 127 220 177 119 171 119 101 150 28 152 103 46 206 194 0 202 31 37 179 206 
17 154 243 231 89 169 178 248 159 155 205 192 26 170 114 145 85 233 246 236 5 142 83 51 92 22 51 38 53 89 217 3 243 204 234 
18 77 117 156 69 20 55 18 212 81 188 70 226 18 48 216 254 53 102 81 105 194 103 156 232 157 245 193 160 233 141 139 54 2 39 
19 123 22 95 141 235 176 74 49 147 92 97 107 90 151 210 171 0 148 19 156 125 176 146 62 80 123 204 219 177 206 3 44 229 98 
20 185 208 18 3 1 165 95 99 17 185 250 227 101 250 119 120 150 244 40 40 51 120 163 255 84 84 205 87 128 178 185 58 130 203 
21 61 132 113 157 231 130 86 225 101 187 219 220 51 113 209 91 154 4 212 61 3 40 146 208 127 18 131 56 76 5 3 138 137 116 
22 39 112 246 125 81 91 57 44 56 108 158 9 200 56 13 156 117 16 196 7 224 67 26 99 123 102 105 126 240 242 243 23 99 233 
23 149 180 69 206 225 125 58 127 134 2 183 147 158 44 163 98 52 131 165 78 231 32 180 80 159 165 66 146 188 165 123 81 90 192 
24 31 59 61 90 186 195 92 113 86 251 157 249 93 209 125 3 31 100 35 212 180 194 121 246 84 53 156 208 135 246 144 166 49 206 
25 0 235 145 93 92 232 88 249 225 181 203 94 184 234 194 220 190 118 158 55 109 243 109 9 195 244 255 83 154 48 33 155 27 179 
26 248 119 155 80 112 124 5 59 219 190 38 157 154 228 20 56 28 129 43 137 138 238 125 137 66 23 185 99 178 212 22 170 75 177 
27 250 187 46 0 247 9 190 29 166 88 1 186 144 29 59 188 166 197 170 35 78 236 59 7 80 237 219 102 152 38 24 146 226 70 
28 146 217 79 80 246 245 168 247 176 57 21 235 245 187 177 159 223 255 140 26 7 220 7 226 66 159 9 90 50 235 160 196 196 239 
29 21 186 229 189 177 149 246 198 128 235 130 49 139 97 49 23 123 56 243 130 26 53 34 35 144 84 14 48 24 210 32 45 140 5 
30 235 62 154 225 4 26 205 134 76 88 231 125 111 98 181 98 229 207 151 7 243 39 91 1 88 115 212 120 161 96 125 140 158 23 
31 109 163 49 58 41 125 146 17 250 1 115 175 99 88 127 251 95 114 34 186 115 122 46 71 242 207 168 111 91 70 134 200 233 184 
32 3 19 53 149 36 48 151 151 223 250 240 94 245 79 208 24 10 68 146 56 139 133 7 51 244 98 122 123 42 99 51 45 118 104 
33 195 154 152 90 50 120 84 34 214 74 113 167 98 123 235 244 179 118 121 186 170 110 28 36 233 71 135 28 116 254 132 55 152 29 
34 145 202 149 230 236 107 48 94 18 146 217 253 134 141 116 0 71 30 110 100 66 87 171 201 115 31 199 247 87 96 20 232 42 169 
35 206 23 21 254 117 39 144 78 37 23 219 153 23 35 183 133 135 249 220 50 194 79 81 138 70 168 234 91 145 20 4 95 43 25 
36 94 160 65 238 239 102 5 202 255 28 237 182 161 116 175 125 166 113 204 248 251 19 160 229 110 49 250 114 145 37 140 239 198 205 
37 221 181 51 227 127 50 255 109 232 161 225 151 30 136 8 235 128 4 254 32 233 108 82 227 222 227 9 106 210 207 55 175 132 106 
38 146 3 156 146 112 132 51 82 27 81 218 36 60 90 40 58 122 17 166 204 245 133 175 254 239 129 205 39 49 81 145 195 84 46 
39 85 197 178 136 23 206 218 241 242 22 75 26 81 197 43 247 146 32 124 65 30 108 195 235 147 244 60 36 183 145 82 13 86 5 
40 149 109 211 111 94 197 134 169 223 215 110 10 206 0 43 75 66 73 183 5 53 74 249 113 110 176 2 193 189 88 198 83 197 153 
41 194 35 94 72 204 61 31 59 71 238 59 114 57 125 188 240 130 241 58 123 98 168 44 101 105 233 189 47 60 131 200 255 166 38 
42 71 115 99 103 174 171 85 233 29 142 103 217 126 233 202 184 101 45 96 145 146 202 122 79 249 183 210 194 182 121 232 253 236 76 
43 100 154 247 185 131 20 71 234 238 197 212 184 125 57 229 222 202 119 168 68 199 161 251 153 99 177 18 76 175 254 152 19 152 143 
44 205 28 163 20 6 145 218 218 74 87 19 47 53 221 167 221 34 110 127 29 7 226 207 26 46 126 24 198 145 177 85 94 205 249 
45 115 211 138 77 174 212 164 193 4 218 159 171 183 193 25 54 222 32 25 173 58 71 43 83 14 189 4 99 27 209 92 142 164 231 
46 219 82 187 128 20 191 90 179 106 17 116 131 72 82 164 97 0 222 168 43 49 182 232 53 26 4 6 118 146 171 93 110 253 25 
47 238 17 216 72 196 67 89 56 198 161 139 106 2 139 73 171 182 122 97 159 176 123 163 182 242 53 97 79 163 95 104 145 112 65 
48 217 53 132 51 109 74 212 248 181 215 131 254 130 58 120 227 217 40 95 124 223 81 177 64 160 85 159 9 230 16 74 192 69 206 
49 243 178 24 199 171 205 158 46 203 32 104 68 4 65 108 99 189 75 180 111 140 84 196 43 93 170 59 167 106 128 117 93 51 142 
50 37 222 91 195 12 39 228 117 107 232 182 215 75 116 35 255 227 175 83 167 218 177 81 22 88 188 150 206 25 201 92 62 167 183 
51 2 180 222 230 41 73 206 223 33 25 83 68 24 54 243 107 221 205 28 47 227 117 235 122 67 4 67 159 67 235 86 69 159 53 
52 43 200 126 249 167 159 18 251 227 42 49 214 149 15 164 178 62 135 39 41 1 106 45 69 9 112 48 95 181 207 148 224 151 19 
53 217 62 178 235 57 150 21 107 108 171 122 16 93 184 152 132 225 153 238 14 222 247 127 14 86 52 221 235 21 116 254 238 179 176 
54 218 236 70 239 87 179 154 209 195 247 137 91 123 106 245 105 121 211 96 248 226 183 44 191 162 65 52 160 48 231 80 10 211 151 
55 249 43 74 148 252 13 139 134 105 7 240 94 112 105 49 209 97 19 136 142 211 42 207 7 202 255 238 26 9 193 177 3 236 251 
56 151 233 9 34 111 114 41 95 208 154 201 1 107 42 21 243 184 232 29 136 239 231 135 221 1 145 158 179 148 139 174 43 116 183 
57 77 227 41 119 66 249 17 11 251 124 54 16 111 238 248 140 118 231 115 254 196 116 143 98 39 35 237 214 78 97 141 155 68 183 
58 18 135 176 35 146 171 159 200 187 14 183 179 154 45 154 13 43 94 130 186 193 169 221 174 127 43 16 13 199 84 196 217 219 116 
59 253 110 32 156 54 219 171 237 143 69 27 41 83 70 136 213 1 73 126 222 247 254 10 7 11 209 92 207 170 55 67 167 165 99 
60 68 220 63 239 201 206 52 228 247 135 43 127 92 44 200 219 10 192 217 20 199 228 229 35 179 144 91 246 55 0 90 123 220 153 
61 106 166 103 159 138 94 38 181 222 131 225 166 94 236 102 55 0 46 27 230 81 206 118 172 196 173 173 30 41 137 183 147 47 30 
62 50 186 125 89 111 91 220 81 1 58 61 104 113 61 150 140 35 231 90 153 148 30 71 65 61 112 202 244 3 250 19 54 180 144 
63 143 35 235 107 116 236 165 177 84 22 239 234 162 18 210 252 172 102 26 243 167 87 99 113 76 102 107 95 156 31 239 43 67 218 
